-	script	mvpdrops	-1,{

OnNPCKillEvent:
setarray .mobid[0],1511,1647,1785,1630,1399,1039,1874,2068,1272,1719,1046,1389,1112,1115,1957,1518,1251,
1418,1871,1252,1768,1086,1688,1646,1373,1147,1059,1150,1956,2022,1087,1190,1038,1157,1159,1502,1623,1650,1583,
1708,1312,1751,1685,1648,1917,1658,1492,1929,3473,3741,1885,2156,1768,2094,2319,2320,2317,2996,2529,2532,2533,2534,2535,
2475,3151,2476,3150,1779,1832,1873,1874,1916,1917,2235,2236,2237,2238,2239,2240,2241,2249,2251,2253,3124,3073,
3450,2107,3029,3000,3505,3796,3757,3758,2483,2362,3074,3254,3190,2564,2942,2441,2442,3220,3221,3222,3223,3224,3225,
3240,3241,3242,3243,3244,3245,3246,3181,3426,3427,3428,3429,3430,3804,20277,20260,1734,20381,20347,20340,20515,
20509,20514,20520,20540,30015,30031,30135,20385,20386,20387,20419,20421,20422,3097,3096,3826,3628,3621,3633,30048,
30054,30057,30060,30063,30066,30069,30072,30075,30078,30081,30084,30087; // MvP Ids

for (set .@c, 0; .@c < getarraysize(.mobid); set .@c, .@c + 1){
if (killedrid == .mobid[.@c]){
	getitem 41003,1;
	end;
	}
}
}